          1       -2640.73           0.39    0    0    0    0    1    0    0    0    0    0    0    0    0    0
          2         -63.53           0.02    0    0    0    0    2    0    0    0    0    0    0    0    0    0
          3         -11.75          -0.01    0    0    2   -2    3    0    0    0    0    0    0    0    0    0
          4         -11.21          -0.01    0    0    2   -2    1    0    0    0    0    0    0    0    0    0
          5           4.57           0.00    0    0    2   -2    2    0    0    0    0    0    0    0    0    0
          6          -2.02           0.00    0    0    2    0    3    0    0    0    0    0    0    0    0    0
          7          -1.98           0.00    0    0    2    0    1    0    0    0    0    0    0    0    0    0
          8           1.72           0.00    0    0    0    0    3    0    0    0    0    0    0    0    0    0
          9           1.41           0.01    0    1    0    0    1    0    0    0    0    0    0    0    0    0
         10           1.26           0.01    0    1    0    0   -1    0    0    0    0    0    0    0    0    0
         34          -0.07           3.57    0    0    0    0    2    0    0    0    0    0    0    0    0    0
         35           1.73          -0.03    0    0    0    0    1    0    0    0    0    0    0    0    0    0
         36           0.00           0.48    0    0    2   -2    3    0    0    0    0    0    0    0    0    0
         37         743.52          -0.17    0    0    0    0    1    0    0    0    0    0    0    0    0    0
         38          56.91           0.06    0    0    2   -2    2    0    0    0    0    0    0    0    0    0
         39           9.84          -0.01    0    0    2    0    2    0    0    0    0    0    0    0    0    0
         40          -8.85           0.01    0    0    0    0    2    0    0    0    0    0    0    0    0    0
         41          -6.38          -0.05    0    1    0    0    0    0    0    0    0    0    0    0    0    0
         42          -3.07           0.00    1    0    0    0    0    0    0    0    0    0    0    0    0    0
         43           2.23           0.00    0    1    2   -2    2    0    0    0    0    0    0    0    0    0
         44           1.67           0.00    0    0    2    0    1    0    0    0    0    0    0    0    0    0
         45           1.30           0.00    1    0    2    0    2    0    0    0    0    0    0    0    0    0
         46           0.93           0.00    0    1   -2    2   -2    0    0    0    0    0    0    0    0    0
         62           0.30         -23.42    0    0    0    0    1    0    0    0    0    0    0    0    0    0
         63          -0.03          -1.46    0    0    2   -2    2    0    0    0    0    0    0    0    0    0
         64          -0.01          -0.25    0    0    2    0    2    0    0    0    0    0    0    0    0    0
         65           0.00           0.23    0    0    0    0    2    0    0    0    0    0    0    0    0    0
         66          -0.26          -0.01    0    0    0    0    1    0    0    0    0    0    0    0    0    0