           1    -6844318.44        1328.67    0    0    0    0    1    0    0    0    0    0    0    0    0    0
           2     -523908.04        -544.75    0    0    2   -2    2    0    0    0    0    0    0    0    0    0
           3      -90552.22         111.23    0    0    2    0    2    0    0    0    0    0    0    0    0    0
           4       82168.76         -27.64    0    0    0    0    2    0    0    0    0    0    0    0    0    0
           5       58707.02         470.05    0    1    0    0    0    0    0    0    0    0    0    0    0    0
           6       28288.28         -34.69    1    0    0    0    0    0    0    0    0    0    0    0    0    0
           7      -20557.78         -20.84    0    1    2   -2    2    0    0    0    0    0    0    0    0    0
           8      -15406.85          15.12    0    0    2    0    1    0    0    0    0    0    0    0    0    0
           9      -11991.74          32.46    1    0    2    0    2    0    0    0    0    0    0    0    0    0
          10       -8584.95           4.42    0    1   -2    2   -2    0    0    0    0    0    0    0    0    0
        1307       -3309.73      205833.11    0    0    0    0    1    0    0    0    0    0    0    0    0    0
        1308         198.97       12814.01    0    0    2   -2    2    0    0    0    0    0    0    0    0    0
        1309          41.44        2187.91    0    0    2    0    2    0    0    0    0    0    0    0    0    0
        1310         -36.07       -2004.36    0    0    0    0    2    0    0    0    0    0    0    0    0    0
        1311          59.20         501.82    0    1    2   -2    2    0    0    0    0    0    0    0    0    0
        1312          -5.77         448.76    0    0    2    0    1    0    0    0    0    0    0    0    0    0
        1313        -179.73         164.33    0    1    0    0    0    0    0    0    0    0    0    0    0    0
        1314           5.70         288.49    1    0    2    0    2    0    0    0    0    0    0    0    0    0
        1315          23.87        -214.50    0    1   -2    2   -2    0    0    0    0    0    0    0    0    0
        1316           2.86        -154.91    0    0    2   -2    1    0    0    0    0    0    0    0    0    0
        1560        2037.98          81.46    0    0    0    0    1    0    0    0    0    0    0    0    0    0
        1561         155.74          -2.75    0    0    2   -2    2    0    0    0    0    0    0    0    0    0
        1562          26.92          -0.46    0    0    2    0    2    0    0    0    0    0    0    0    0    0
        1563         -24.43           0.47    0    0    0    0    2    0    0    0    0    0    0    0    0    0
        1564         -17.36          -0.50    0    1    0    0    0    0    0    0    0    0    0    0    0    0
        1565          -8.41           0.01    1    0    0    0    0    0    0    0    0    0    0    0    0    0
        1566           6.08          -1.36    0    1    2   -2    2    0    0    0    0    0    0    0    0    0
        1567           4.59           0.17    0    0    2    0    1    0    0    0    0    0    0    0    0    0
        1568           3.57          -0.06    1    0    2    0    2    0    0    0    0    0    0    0    0    0
        1569           2.54           0.60    0    1   -2    2   -2    0    0    0    0    0    0    0    0    0 
        1596           1.73         -20.39    0    0    0    0    1    0    0    0    0    0    0    0    0    0
        1597           0.00          -1.27    0    0    2   -2    2    0    0    0    0    0    0    0    0    0
        1598           0.00          -0.22    0    0    2    0    2    0    0    0    0    0    0    0    0    0
        1599           0.00           0.20    0    0    0    0    2    0    0    0    0    0    0    0    0    0
        1600          -0.10          -0.02    0    0    0    0    1    0    0    0    0    0    0    0    0    0