           1        1538.18     9205236.26    0    0    0    0    1    0    0    0    0    0    0    0    0    0
           2        -458.66      573033.42    0    0    2   -2    2    0    0    0    0    0    0    0    0    0
           3         137.41       97846.69    0    0    2    0    2    0    0    0    0    0    0    0    0    0
           4         -29.05      -89618.24    0    0    0    0    2    0    0    0    0    0    0    0    0    0
           5         -17.40       22438.42    0    1    2   -2    2    0    0    0    0    0    0    0    0    0
           6          31.80       20069.50    0    0    2    0    1    0    0    0    0    0    0    0    0    0
           7          36.70       12902.66    1    0    2    0    2    0    0    0    0    0    0    0    0    0
           8         -13.20       -9592.72    0    1   -2    2   -2    0    0    0    0    0    0    0    0    0
           9        -192.40        7387.02    0    1    0    0    0    0    0    0    0    0    0    0    0    0
          10           3.92       -6918.22    0    0    2   -2    1    0    0    0    0    0    0    0    0    0
         963      153041.79         853.32    0    0    0    0    1    0    0    0    0    0    0    0    0    0
         964       11714.49        -290.91    0    0    2   -2    2    0    0    0    0    0    0    0    0    0
         965        2024.68         -51.26    0    0    2    0    2    0    0    0    0    0    0    0    0    0
         966       -1837.32          48.00    0    0    0    0    2    0    0    0    0    0    0    0    0    0
         967       -1312.21         -28.93    0    1    0    0    0    0    0    0    0    0    0    0    0    0
         968        -632.54           0.78    1    0    0    0    0    0    0    0    0    0    0    0    0    0
         969         459.68         -67.30    0    1    2   -2    2    0    0    0    0    0    0    0    0    0
         970         344.50           1.41    0    0    2    0    1    0    0    0    0    0    0    0    0    0
         971         268.14          -7.06    1    0    2    0    2    0    0    0    0    0    0    0    0    0
         972         192.06          29.83    0    1   -2    2   -2    0    0    0    0    0    0    0    0    0
        1240         120.56       -2301.27    0    0    0    0    1    0    0    0    0    0    0    0    0    0
        1241          -1.03        -143.27    0    0    2   -2    2    0    0    0    0    0    0    0    0    0
        1242          -0.28         -24.46    0    0    2    0    2    0    0    0    0    0    0    0    0    0
        1243           0.24          22.41    0    0    0    0    2    0    0    0    0    0    0    0    0    0
        1244          -1.19          -5.61    0    1    2   -2    2    0    0    0    0    0    0    0    0    0
        1245           3.57          -1.83    0    1    0    0    0    0    0    0    0    0    0    0    0    0
        1246           0.24          -5.02    0    0    2    0    1    0    0    0    0    0    0    0    0    0
        1247          -0.04          -3.23    1    0    2    0    2    0    0    0    0    0    0    0    0    0
        1248          -0.48           2.40    0    1   -2    2   -2    0    0    0    0    0    0    0    0    0
        1249          -0.10           1.73    0    0    2   -2    1    0    0    0    0    0    0    0    0    0
        1270         -15.22          -1.61    0    0    0    0    1    0    0    0    0    0    0    0    0    0
        1271          -1.16          -0.01    0    0    2   -2    2    0    0    0    0    0    0    0    0    0
        1272          -0.20           0.00    0    0    2    0    2    0    0    0    0    0    0    0    0    0
        1273           0.18           0.00    0    0    0    0    2    0    0    0    0    0    0    0    0    0
        1274           0.13           0.00    0    1    0    0    0    0    0    0    0    0    0    0    0    0
        1275          -0.02           0.11    0    0    0    0    1    0    0    0    0    0    0    0    0    0